CS: 0.04040980789830637
MATH: 0.05884193182973059
PHYS: 0.04369483057763792
STAT: 0.018860625991874262